22,5
22,4
22,3
22,2
22,1
22,0
21,5
21,4
21,3
21,2
21,1
21,0
20,5
20,4
20,3
20,2
20,1
20,0
19,12
19,11
19,10
19,9
19,8
19,7
19,5
19,4
19,3
19,2
19,1
19,0
18,216
18,215
18,214
18,213
18,212
18,211
18,210
18,209
18,208
18,207
18,206
18,205
18,204
18,203
18,202
18,201
18,200
18,199
18,198
18,197
18,196
18,195
18,194
18,193
18,192
18,191
18,190
18,189
18,188
18,187
18,186
18,185
18,184
18,183
18,182
18,181
18,180
18,179
18,178
18,177
18,176
18,175
18,174
18,173
18,172
18,171
18,170
18,169
18,168
18,167
18,166
18,165
18,164
18,163
18,162
18,161
18,160
18,159
18,158
18,157
18,156
18,155
18,154
18,153
18,152
18,151
18,150
18,149
18,148
18,147
18,146
18,145
18,144
18,143
18,142
18,141
18,140
18,139
18,138
18,137
18,136
18,135
18,134
18,133
18,132
18,131
18,130
18,129
18,128
18,127
18,126
18,125
18,124
18,123
18,122
18,121
18,120
18,119
18,118
18,117
18,116
18,115
18,114
18,113
18,112
18,111
18,110
18,109
18,108
18,107
18,106
18,105
18,104
18,103
18,102
18,101
18,100
18,99
18,98
18,97
18,96
18,95
18,94
18,93
18,92
18,91
18,90
18,89
18,88
18,87
18,86
18,85
18,84
18,83
18,82
18,81
18,80
18,79
18,78
18,77
18,76
18,75
18,74
18,73
18,72
18,71
18,70
18,69
18,68
18,67
18,66
18,65
18,64
18,35
18,34
18,33
18,32
18,31
18,30
18,29
18,28
18,27
18,26
18,25
18,24
18,23
18,22
18,21
18,20
18,19
18,18
18,17
18,16
18,15
18,14
18,13
18,12
18,11
18,10
18,9
18,8
18,7
18,6
18,5
18,3
18,2
18,1
18,0
17,4
17,3
17,2
17,1
17,0
16,12
16,11
16,10
16,9
16,8
16,7
16,5
16,4
16,3
16,2
16,1
16,0
12,5
12,4
11,5
11,4
10,5
10,4
15,216
15,215
15,214
15,213
15,212
15,211
15,210
15,209
15,208
15,207
15,206
15,205
15,204
15,203
15,202
15,201
15,200
15,199
15,198
15,197
15,196
15,195
15,194
15,193
15,192
15,191
15,190
15,189
15,188
15,187
15,186
15,185
15,184
15,183
15,182
15,181
15,180
15,179
15,178
15,177
15,176
15,175
15,174
15,173
15,172
15,171
15,170
15,169
15,168
15,167
15,166
15,165
15,164
15,163
15,162
15,161
15,160
15,159
15,158
15,157
15,156
15,155
15,154
15,153
15,152
15,151
15,150
15,149
15,148
15,147
15,146
15,145
15,144
15,143
15,142
15,141
15,140
15,139
15,138
15,137
15,136
15,135
15,134
15,133
15,132
15,131
15,130
15,129
15,128
15,127
15,126
15,125
15,124
15,123
15,122
15,121
15,120
15,119
15,118
15,117
15,116
15,115
15,114
15,113
15,112
15,111
15,110
15,109
15,108
15,107
15,106
15,105
15,104
15,103
15,102
15,101
15,100
15,99
15,98
15,97
15,96
15,95
15,94
15,93
15,92
15,91
15,90
15,89
15,88
15,87
15,86
15,85
15,84
15,83
15,82
15,81
15,80
15,79
15,78
15,77
15,76
15,75
15,74
15,73
15,72
15,71
15,70
15,69
15,68
15,67
15,66
15,65
15,64
15,35
15,34
15,33
15,32
15,31
15,30
15,29
15,28
15,27
15,26
15,25
15,24
15,23
15,22
15,21
15,20
15,19
15,18
15,17
15,16
15,15
15,14
15,13
15,12
15,11
15,10
15,9
15,8
15,7
15,6
15,5
15,3
15,2
15,1
15,0
1,69
14,4
14,3
14,2
14,1
14,0
13,9
13,8
13,7
13,6
13,5
13,4
13,3
13,2
13,1
13,0
12,3
12,2
12,1
12,0
11,3
11,2
11,1
11,0
10,3
10,2
10,1
10,0
9,215
9,214
9,213
9,212
9,211
9,210
9,209
9,208
9,207
9,206
9,205
9,204
1,62
9,203
9,202
9,201
9,200
9,199
9,198
9,197
9,196
9,195
9,194
9,193
9,192
1,61
9,191
9,190
9,189
9,188
9,187
9,186
9,185
9,184
2,60
9,183
9,182
9,181
9,180
1,60
9,179
9,178
9,177
9,176
9,175
9,174
9,173
9,172
2,59
9,171
9,170
9,169
9,168
1,59
9,167
9,166
9,165
9,164
9,163
9,162
9,161
9,160
2,58
9,159
9,158
9,157
9,156
1,58
9,155
9,154
9,153
9,152
3,57
9,151
9,150
9,149
9,148
2,57
9,147
9,146
9,145
9,144
1,57
9,143
9,142
9,141
9,140
3,56
9,139
9,138
9,137
9,136
2,56
9,135
9,134
9,133
9,132
1,56
9,131
9,130
9,129
9,128
3,55
9,127
9,126
9,125
9,124
2,55
9,123
9,122
9,121
9,120
1,55
9,119
9,118
9,117
9,116
3,54
9,115
9,114
9,113
9,112
2,54
9,111
9,110
9,109
9,108
1,54
9,107
9,106
9,105
9,104
3,53
9,103
9,102
9,101
9,100
2,53
9,99
9,98
9,97
9,96
1,53
9,95
9,94
9,93
9,92
3,52
9,91
9,90
9,89
9,88
2,52
9,87
9,86
9,85
9,84
1,52
9,83
9,82
9,81
9,80
3,51
9,79
9,78
9,77
9,76
2,51
9,75
9,74
9,73
9,72
1,51
9,71
9,70
9,69
9,68
3,50
9,67
9,66
9,65
9,64
2,50
9,35
9,34
9,33
9,32
1,50
9,31
9,30
9,29
9,28
3,49
9,27
9,26
9,25
9,24
2,49
9,23
9,22
9,21
9,20
1,49
9,19
9,18
9,17
9,16
3,48
9,15
9,14
9,13
9,12
2,48
1,48
9,11
9,10
9,9
9,8
3,47
9,7
9,6
9,5
9,4
2,47
1,47
9,3
9,2
9,1
9,0
3,46
2,46
1,46
1,2
3,45
3,2
8,3
8,2
8,1
8,0
0,9
2,45
2,2
5,3
4,3
7,3
1,45
3,44
2,44
1,44
3,43
2,43
1,43
3,42
2,42
1,42
3,41
2,41
1,41
3,40
2,40
1,40
3,39
2,39
1,39
3,38
2,38
1,38
3,37
2,37
1,37
3,36
2,36
1,36
3,35
2,35
1,35
3,34
2,34
1,34
3,33
2,33
1,33
3,32
2,32
1,32
3,31
2,31
1,31
3,30
2,30
1,30
3,29
2,29
1,29
3,28
2,28
1,28
3,27
2,27
1,27
3,26
2,26
1,26
3,25
2,25
1,25
3,24
2,24
1,24
3,23
2,23
1,23
3,22
2,22
1,22
3,21
2,21
1,21
3,20
2,20
1,20
3,19
2,19
1,19
3,18
2,18
1,18
3,17
2,17
1,17
3,16
2,16
1,16
3,15
2,15
1,15
3,14
2,14
1,14
3,13
2,13
1,13
3,12
2,12
1,12
3,11
2,11
1,11
3,10
2,10
1,10
3,9
2,9
1,9
3,8
2,8
1,8
3,7
2,7
1,7
3,6
2,6
1,6
3,5
2,5
1,5
3,4
2,4
1,4
3,3
3,0
2,3
2,0
1,3
1,0
0,6
0,0
0,47
0,46
0,49
0,48
0,45
0,12
0,10
0,8
0,11
0,5
0,7
0,4
0,3
